1305 0 98
2308 0 98
3309 0 100
4308 0 99
5311 0 100
6308 0 98
7309 0 99
8310 0 100
9309 0 98
10306 0 99
11305 0 98
12304 0 100
13303 0 100
14302 0 100
15301 0 98
16310 0 98
17309 0 98
18304 0 99
19307 0 100
20306 0 100
21307 0 99
22305 0 100
23306 0 100
24299 0 99
25300 0 99
26305 0 99
27306 0 99
28307 0 99
29306 0 100
30305 0 100
31302 0 99
32307 0 98
33308 0 100
34307 0 100
35306 0 98
36307 0 100
37304 0 100
38307 0 99
39306 0 99
40307 0 100
41306 0 98
42305 0 98
43306 0 98
44307 0 99
45306 0 100
46307 0 98
47306 0 100
48307 0 98
