1263 0 98
2262 0 98
3261 0 100
4260 0 100
5263 0 98
6262 0 98
7263 0 98
8262 0 98
9265 0 100
10264 0 99
11259 0 99
12262 0 98
13265 0 98
14263 0 99
15262 0 100
16265 0 98
17264 0 99
18265 0 98
19264 0 98
20263 0 99
21262 0 99
22265 0 98
23264 0 99
24265 0 98
25264 0 99
26263 0 100
27264 0 98
28263 0 100
29264 0 98
30265 0 99
31264 0 99
32263 0 98
33262 0 100
34263 0 98
35264 0 100
36265 0 100
37264 0 99
38263 0 99
39262 0 98
40265 0 98
41264 0 98
42263 0 100
43262 0 99
44263 0 98
45264 0 99
46263 0 98
47262 0 99
48265 0 98
49264 0 98
50263 0 100
51264 0 100
52263 0 99
53264 0 100
54264 0 99
55263 0 99
56262 0 100
57263 0 100
58264 0 100
59265 0 100
60264 0 98
61265 0 100
62264 0 99
63263 0 98
64262 0 100
65265 0 100
66264 0 99
67265 0 99
68264 0 98
69263 0 100
70264 0 100
71263 0 98
72266 0 100
73263 0 98
74264 0 98
75265 0 100
76264 0 98
77265 0 100
78266 0 98
79265 0 98
80264 0 98
81265 0 98
82266 0 99
83265 0 99
84266 0 99
85265 0 100
86264 0 100
87263 0 99
88266 0 99
89265 0 99
90266 0 99
91265 0 99
92264 0 98
93263 0 99
94265 0 100
